surface.append11211-11229,12211-12229,13221-13229,21211-21229,22211-22229,23221-23229{
	collisionex10,shoulder,polygon,324,294,337,302,345,326,342,389,331,401,293,394,286,380,291,345,308,317
	collisionex11,shoulder,polygon,201,282,182,287,174,299,171,318,169,331
	collisionex13,hand,polygon,235,310,213,308,181,327,168,350,169,355,196,365,207,358,216,372,225,362,235,332,238,318
}
surface.append11311-11329,12311-12329,13321-13329,21311-21329,22311-22329,23321-23329{
	element7,overlay,surface00605.png,0,0
	collisionex10,shoulder,polygon,323,294,337,297,343,309,345,321,347,354,348,394,341,403,304,402,290,391,294,354,305,315
	collisionex11,shoulder,polygon,201,282,182,287,174,299,171,318,169,331
	collisionex13,hand,polygon,195,313,176,263,174,254,181,232,194,234,206,241,221,253,226,254,233,266,220,275,227,297,226,309,213,328
	collisionex14,hand,polygon,181,439,142,420,132,409,112,415,98,429,118,458,172,472,170,455
}
surface.append11111-30000
{
	animation1.interval,runonce
	animation1.pattern0,overlay,501,0,0,0
	collisionex1,head,polygon,183,151,189,134,201,119,210,107,218,104,237,98,263,95,306,102,340,143,346,160
	collisionex3,bust,polygon,155,387,212,403,242,404,253,399,258,394,262,382,265,358,204,342,173,336,164,342,152,358,150,366,150,374
	collisionex4,belly,polygon,151,411,151,399,221,418,218,474,228,513,163,526,140,515
	collisionex6,face,polygon,197,234,225,264,233,265,276,248,283,225,282,201,280,192,244,168,213,164,197,203,
	collisionex7,mouse,ellipse,210,233,250,250
}
surface.append11111-11129,12111-12129,13121-13129,21111-21129,22111-22129,23121-23129{
	collisionex1,head,polygon,183,151,189,134,201,119,210,107,218,104,237,98,263,95,306,102,340,143,346,160
	collisionex3,bust,polygon,155,387,212,403,242,404,253,399,258,394,262,382,265,358,204,342,173,336,164,342,152,358,150,366,150,374
	collisionex4,belly,polygon,151,411,151,399,221,418,218,474,228,513,163,526,140,515
	collisionex6,face,polygon,197,234,225,264,233,265,276,248,283,225,282,201,280,192,244,168,213,164,197,203,
	collisionex7,mouse,ellipse,210,233,250,250
}
