charset,UTF-8

descript
{
  Version,1
}

surface1000000 {
  // 無
  animation500200.interval,runonce
  animation500200.pattern0,overlay,0,0,0,0
}

surface10000000 {
  // ろうそく1
  animation500201.interval,bind+always
  animation500201.pattern0,overlay,10000001,0,0,0
  animation500201.pattern1,overlay,10000011,207,0,0
  animation500201.pattern2,overlay,10000001,207,0,0
  // ろうそく消え1
  animation500301.interval,bind+runonce
  animation500301.pattern0,overlay,10000101,0,0,0
  animation500301.pattern1,overlay,-1,1000,0,0

  // ろうそく2
  animation500202.interval,bind+always
  animation500202.pattern0,overlay,10000002,0,0,0
  animation500202.pattern1,overlay,10000012,213,0,0
  animation500202.pattern2,overlay,10000002,213,0,0
  // ろうそく消え2
  animation500302.interval,bind+runonce
  animation500302.pattern0,overlay,10000102,0,0,0
  animation500302.pattern1,overlay,-1,1000,0,0

  // ろうそく3
  animation500203.interval,bind+always
  animation500203.pattern0,overlay,10000003,0,0,0
  animation500203.pattern1,overlay,10000013,217,0,0
  animation500203.pattern2,overlay,10000003,217,0,0
  // ろうそく消え3
  animation500303.interval,bind+runonce
  animation500303.pattern0,overlay,10000103,0,0,0
  animation500303.pattern1,overlay,-1,1000,0,0

  // ろうそく4
  animation500204.interval,bind+always
  animation500204.pattern0,overlay,10000004,0,0,0
  animation500204.pattern1,overlay,10000014,219,0,0
  animation500204.pattern2,overlay,10000004,219,0,0
  // ろうそく消え4
  animation500304.interval,bind+runonce
  animation500304.pattern0,overlay,10000104,0,0,0
  animation500304.pattern1,overlay,-1,1000,0,0

  // ろうそく5
  animation500205.interval,bind+always
  animation500205.pattern0,overlay,10000005,0,0,0
  animation500205.pattern1,overlay,10000015,223,0,0
  animation500205.pattern2,overlay,10000005,223,0,0
  // ろうそく消え5
  animation500305.interval,bind+runonce
  animation500305.pattern0,overlay,10000105,0,0,0
  animation500305.pattern1,overlay,-1,1000,0,0

  animation500400.interval,bind
  animation500400.pattern0,overlay,10000200,0,0,0

  collisionex16,candle,region,immersion_candle_master_collision.png,0,255,0
  collisionex17,matchbox,region,immersion_candle_master_collision.png,255,0,0
}


// スカート

surface1111101,1111102,1111103,1111104,1111105,1111106,1111107,1111108,1111109,1111110,1111111,1111112,1111113,1111114,1111115,1111201,1111202,1111203,1111204,1111205,1111206,1111207,1111208,1111209,1111210,1111211,1111212,1111213,1111214,1111215,1111301,1111302,1111303,1111304,1111305,1111306,1111307,1111308,1111309,1111310,1111311,1111312,1111313,1111314,1111315,1111501,1111502,1111503,1111504,1111505,1111506,1111507,1111508,1111509,1111510,1111511,1111512,1111513,1111514,1111515,1111601,1111602,1111603,1111604,1111605,1111606,1111607,1111608,1111609,1111610,1111611,1111612,1111613,1111614,1111615,1111701,1111702,1111703,1111704,1111705,1111706,1111707,1111708,1111709,1111710,1111711,1111712,1111713,1111714,1111715,1111901,1111902,1111903,1111904,1111905,1111906,1111907,1111908,1111909,1111910,1111911,1111912,1111913,1111914,1111915,1112101,1112102,1112103,1112104,1112105,1112106,1112107,1112108,1112109,1112110,1112111,1112112,1112113,1112114,1112115,1112201,1112202,1112203,1112204,1112205,1112206,1112207,1112208,1112209,1112210,1112211,1112212,1112213,1112214,1112215,1112301,1112302,1112303,1112304,1112305,1112306,1112307,1112308,1112309,1112310,1112311,1112312,1112313,1112314,1112315,1112401,1112402,1112403,1112404,1112405,1112406,1112407,1112408,1112409,1112410,1112411,1112412,1112413,1112414,1112415,1113101,1113102,1113103,1113104,1113105,1113106,1113107,1113108,1113109,1113110,1113111,1113112,1113113,1113114,1113115,1113201,1113202,1113203,1113204,1113205,1113206,1113207,1113208,1113209,1113210,1113211,1113212,1113213,1113214,1113215,1113301,1113302,1113303,1113304,1113305,1113306,1113307,1113308,1113309,1113310,1113311,1113312,1113313,1113314,1113315,1113701,1113702,1113703,1113704,1113705,1113706,1113707,1113708,1113709,1113710,1113711,1113712,1113713,1113714,1113715,1121201,1121202,1121203,1121204,1121205,1121206,1121207,1121208,1121209,1121210,1121211,1121212,1121213,1121214,1121215,1121301,1121302,1121303,1121304,1121305,1121306,1121307,1121308,1121309,1121310,1121311,1121312,1121313,1121314,1121315,1123201,1123202,1123203,1123204,1123205,1123206,1123207,1123208,1123209,1123210,1123211,1123212,1123213,1123214,1123215,1123301,1123302,1123303,1123304,1123305,1123306,1123307,1123308,1123309,1123310,1123311,1123312,1123313,1123314,1123315,1141101,1141102,1141103,1141104,1141105,1141106,1141107,1141108,1141109,1141110,1141111,1141112,1141113,1141114,1141115,1141601,1141602,1141603,1141604,1141605,1141606,1141607,1141608,1141609,1141610,1141611,1141612,1141613,1141614,1141615,1211101,1211102,1211103,1211104,1211105,1211106,1211107,1211108,1211109,1211110,1211111,1211112,1211113,1211114,1211115,1211301,1211302,1211303,1211304,1211305,1211306,1211307,1211308,1211309,1211310,1211311,1211312,1211313,1211314,1211315,1211501,1211502,1211503,1211504,1211505,1211506,1211507,1211508,1211509,1211510,1211511,1211512,1211513,1211514,1211515,1212201,1212202,1212203,1212204,1212205,1212206,1212207,1212208,1212209,1212210,1212211,1212212,1212213,1212214,1212215,1221101,1221102,1221103,1221104,1221105,1221106,1221107,1221108,1221109,1221110,1221111,1221112,1221113,1221114,1221115,1221201,1221202,1221203,1221204,1221205,1221206,1221207,1221208,1221209,1221210,1221211,1221212,1221213,1221214,1221215,1221401,1221402,1221403,1221404,1221405,1221406,1221407,1221408,1221409,1221410,1221411,1221412,1221413,1221414,1221415,1221701,1221702,1221703,1221704,1221705,1221706,1221707,1221708,1221709,1221710,1221711,1221712,1221713,1221714,1221715,1222201,1222202,1222203,1222204,1222205,1222206,1222207,1222208,1222209,1222210,1222211,1222212,1222213,1222214,1222215,1222301,1222302,1222303,1222304,1222305,1222306,1222307,1222308,1222309,1222310,1222311,1222312,1222313,1222314,1222315,1222501,1222502,1222503,1222504,1222505,1222506,1222507,1222508,1222509,1222510,1222511,1222512,1222513,1222514,1222515,1222801,1222802,1222803,1222804,1222805,1222806,1222807,1222808,1222809,1222810,1222811,1222812,1222813,1222814,1222815,1311101,1311102,1311103,1311104,1311105,1311106,1311107,1311108,1311109,1311110,1311111,1311112,1311113,1311114,1311115,1311201,1311202,1311203,1311204,1311205,1311206,1311207,1311208,1311209,1311210,1311211,1311212,1311213,1311214,1311215,1311301,1311302,1311303,1311304,1311305,1311306,1311307,1311308,1311309,1311310,1311311,1311312,1311313,1311314,1311315,1321101,1321102,1321103,1321104,1321105,1321106,1321107,1321108,1321109,1321110,1321111,1321112,1321113,1321114,1321115,1321201,1321202,1321203,1321204,1321205,1321206,1321207,1321208,1321209,1321210,1321211,1321212,1321213,1321214,1321215,1321301,1321302,1321303,1321304,1321305,1321306,1321307,1321308,1321309,1321310,1321311,1321312,1321313,1321314,1321315,1321401,1321402,1321403,1321404,1321405,1321406,1321407,1321408,1321409,1321410,1321411,1321412,1321413,1321414,1321415,1321801,1321802,1321803,1321804,1321805,1321806,1321807,1321808,1321809,1321810,1321811,1321812,1321813,1321814,1321815,1322301,1322302,1322303,1322304,1322305,1322306,1322307,1322308,1322309,1322310,1322311,1322312,1322313,1322314,1322315,1322501,1322502,1322503,1322504,1322505,1322506,1322507,1322508,1322509,1322510,1322511,1322512,1322513,1322514,1322515,1322801,1322802,1322803,1322804,1322805,1322806,1322807,1322808,1322809,1322810,1322811,1322812,1322813,1322814,1322815
{
  // 通常スカート
  animation504370.interval,bind
  animation504370.pattern0,overlay,1300,0,0,0
  animation504370.collisionex13,skirt,polygon,141,613,213,463,337,463,407,613,336,650,281,652,191,638
  animation504371.interval,bind
  animation504371.collisionex13,skirt,polygon,141,813,213,463,337,463,407,813,336,830,281,842,191,818
  animation504371.pattern0,overlay,1301,0,0,0
  animation504372.interval,bind
  animation504372.pattern0,overlay,1302,0,0,0
  animation504373.interval,bind
  animation504373.pattern0,overlay,1303,0,0,0
  animation504374.interval,bind
  animation504374.pattern0,overlay,1304,0,0,0
  animation504375.interval,bind
  animation504375.pattern0,overlay,1305,0,0,0
  animation504376.interval,bind
  animation504376.pattern0,overlay,1308,0,0,0
  animation504376.collisionex13,skirt,polygon,141,813,213,463,337,463,407,813,336,830,281,842,191,818
}

surface2144401,2144402,2144403,2144404,2144405,2144406,2144407,2144408,2144409,2144410,2144411,2144412,2144413,2144414,2144415
{
  // めくれスカート
  animation508000.interval,bind
  animation508000.pattern0,overlay,1350,0,0,0
  animation508001.interval,bind
  animation508001.pattern0,overlay,1351,0,0,0
  animation508002.interval,bind
  animation508002.pattern0,overlay,1352,0,0,0
}

// 顔色

surface1111101,1111102,1111103,1111104,1111105,1111106,1111107,1111108,1111109,1111110,1111111,1111112,1111113,1111114,1111115,1111201,1111202,1111203,1111204,1111205,1111206,1111207,1111208,1111209,1111210,1111211,1111212,1111213,1111214,1111215,1111301,1111302,1111303,1111304,1111305,1111306,1111307,1111308,1111309,1111310,1111311,1111312,1111313,1111314,1111315,1111501,1111502,1111503,1111504,1111505,1111506,1111507,1111508,1111509,1111510,1111511,1111512,1111513,1111514,1111515,1111601,1111602,1111603,1111604,1111605,1111606,1111607,1111608,1111609,1111610,1111611,1111612,1111613,1111614,1111615,1111701,1111702,1111703,1111704,1111705,1111706,1111707,1111708,1111709,1111710,1111711,1111712,1111713,1111714,1111715,1111901,1111902,1111903,1111904,1111905,1111906,1111907,1111908,1111909,1111910,1111911,1111912,1111913,1111914,1111915,1112101,1112102,1112103,1112104,1112105,1112106,1112107,1112108,1112109,1112110,1112111,1112112,1112113,1112114,1112115,1112201,1112202,1112203,1112204,1112205,1112206,1112207,1112208,1112209,1112210,1112211,1112212,1112213,1112214,1112215,1112301,1112302,1112303,1112304,1112305,1112306,1112307,1112308,1112309,1112310,1112311,1112312,1112313,1112314,1112315,1112401,1112402,1112403,1112404,1112405,1112406,1112407,1112408,1112409,1112410,1112411,1112412,1112413,1112414,1112415,1113101,1113102,1113103,1113104,1113105,1113106,1113107,1113108,1113109,1113110,1113111,1113112,1113113,1113114,1113115,1113201,1113202,1113203,1113204,1113205,1113206,1113207,1113208,1113209,1113210,1113211,1113212,1113213,1113214,1113215,1113301,1113302,1113303,1113304,1113305,1113306,1113307,1113308,1113309,1113310,1113311,1113312,1113313,1113314,1113315,1113701,1113702,1113703,1113704,1113705,1113706,1113707,1113708,1113709,1113710,1113711,1113712,1113713,1113714,1113715,1121201,1121202,1121203,1121204,1121205,1121206,1121207,1121208,1121209,1121210,1121211,1121212,1121213,1121214,1121215,1121301,1121302,1121303,1121304,1121305,1121306,1121307,1121308,1121309,1121310,1121311,1121312,1121313,1121314,1121315,1123201,1123202,1123203,1123204,1123205,1123206,1123207,1123208,1123209,1123210,1123211,1123212,1123213,1123214,1123215,1123301,1123302,1123303,1123304,1123305,1123306,1123307,1123308,1123309,1123310,1123311,1123312,1123313,1123314,1123315,1141101,1141102,1141103,1141104,1141105,1141106,1141107,1141108,1141109,1141110,1141111,1141112,1141113,1141114,1141115,1141601,1141602,1141603,1141604,1141605,1141606,1141607,1141608,1141609,1141610,1141611,1141612,1141613,1141614,1141615,2144401,2144402,2144403,2144404,2144405,2144406,2144407,2144408,2144409,2144410,2144411,2144412,2144413,2144414,2144415
{
  // 通常顔
  
}

surface1211101,1211102,1211103,1211104,1211105,1211106,1211107,1211108,1211109,1211110,1211111,1211112,1211113,1211114,1211115,1211301,1211302,1211303,1211304,1211305,1211306,1211307,1211308,1211309,1211310,1211311,1211312,1211313,1211314,1211315,1211501,1211502,1211503,1211504,1211505,1211506,1211507,1211508,1211509,1211510,1211511,1211512,1211513,1211514,1211515,1212201,1212202,1212203,1212204,1212205,1212206,1212207,1212208,1212209,1212210,1212211,1212212,1212213,1212214,1212215,1221101,1221102,1221103,1221104,1221105,1221106,1221107,1221108,1221109,1221110,1221111,1221112,1221113,1221114,1221115,1221201,1221202,1221203,1221204,1221205,1221206,1221207,1221208,1221209,1221210,1221211,1221212,1221213,1221214,1221215,1221401,1221402,1221403,1221404,1221405,1221406,1221407,1221408,1221409,1221410,1221411,1221412,1221413,1221414,1221415,1221701,1221702,1221703,1221704,1221705,1221706,1221707,1221708,1221709,1221710,1221711,1221712,1221713,1221714,1221715,1222201,1222202,1222203,1222204,1222205,1222206,1222207,1222208,1222209,1222210,1222211,1222212,1222213,1222214,1222215,1222301,1222302,1222303,1222304,1222305,1222306,1222307,1222308,1222309,1222310,1222311,1222312,1222313,1222314,1222315,1222501,1222502,1222503,1222504,1222505,1222506,1222507,1222508,1222509,1222510,1222511,1222512,1222513,1222514,1222515,1222801,1222802,1222803,1222804,1222805,1222806,1222807,1222808,1222809,1222810,1222811,1222812,1222813,1222814,1222815
{
  // 照れ顔1
  animation500600.interval,runonce
  animation500600.pattern0,overlay,101,0,0,0
}

surface1311101,1311102,1311103,1311104,1311105,1311106,1311107,1311108,1311109,1311110,1311111,1311112,1311113,1311114,1311115,1311201,1311202,1311203,1311204,1311205,1311206,1311207,1311208,1311209,1311210,1311211,1311212,1311213,1311214,1311215,1311301,1311302,1311303,1311304,1311305,1311306,1311307,1311308,1311309,1311310,1311311,1311312,1311313,1311314,1311315,1321101,1321102,1321103,1321104,1321105,1321106,1321107,1321108,1321109,1321110,1321111,1321112,1321113,1321114,1321115,1321201,1321202,1321203,1321204,1321205,1321206,1321207,1321208,1321209,1321210,1321211,1321212,1321213,1321214,1321215,1321301,1321302,1321303,1321304,1321305,1321306,1321307,1321308,1321309,1321310,1321311,1321312,1321313,1321314,1321315,1321401,1321402,1321403,1321404,1321405,1321406,1321407,1321408,1321409,1321410,1321411,1321412,1321413,1321414,1321415,1321801,1321802,1321803,1321804,1321805,1321806,1321807,1321808,1321809,1321810,1321811,1321812,1321813,1321814,1321815,1322301,1322302,1322303,1322304,1322305,1322306,1322307,1322308,1322309,1322310,1322311,1322312,1322313,1322314,1322315,1322501,1322502,1322503,1322504,1322505,1322506,1322507,1322508,1322509,1322510,1322511,1322512,1322513,1322514,1322515,1322801,1322802,1322803,1322804,1322805,1322806,1322807,1322808,1322809,1322810,1322811,1322812,1322813,1322814,1322815
{
  // 照れ顔2
  animation500600.interval,runonce
  animation500600.pattern0,overlay,104,0,0,0
}

// 眉

surface1111101,1111102,1111103,1111104,1111105,1111106,1111107,1111108,1111109,1111110,1111111,1111112,1111113,1111114,1111115,1111201,1111202,1111203,1111204,1111205,1111206,1111207,1111208,1111209,1111210,1111211,1111212,1111213,1111214,1111215,1111301,1111302,1111303,1111304,1111305,1111306,1111307,1111308,1111309,1111310,1111311,1111312,1111313,1111314,1111315,1111501,1111502,1111503,1111504,1111505,1111506,1111507,1111508,1111509,1111510,1111511,1111512,1111513,1111514,1111515,1111601,1111602,1111603,1111604,1111605,1111606,1111607,1111608,1111609,1111610,1111611,1111612,1111613,1111614,1111615,1111701,1111702,1111703,1111704,1111705,1111706,1111707,1111708,1111709,1111710,1111711,1111712,1111713,1111714,1111715,1111901,1111902,1111903,1111904,1111905,1111906,1111907,1111908,1111909,1111910,1111911,1111912,1111913,1111914,1111915,1112101,1112102,1112103,1112104,1112105,1112106,1112107,1112108,1112109,1112110,1112111,1112112,1112113,1112114,1112115,1112201,1112202,1112203,1112204,1112205,1112206,1112207,1112208,1112209,1112210,1112211,1112212,1112213,1112214,1112215,1112301,1112302,1112303,1112304,1112305,1112306,1112307,1112308,1112309,1112310,1112311,1112312,1112313,1112314,1112315,1112401,1112402,1112403,1112404,1112405,1112406,1112407,1112408,1112409,1112410,1112411,1112412,1112413,1112414,1112415,1113101,1113102,1113103,1113104,1113105,1113106,1113107,1113108,1113109,1113110,1113111,1113112,1113113,1113114,1113115,1113201,1113202,1113203,1113204,1113205,1113206,1113207,1113208,1113209,1113210,1113211,1113212,1113213,1113214,1113215,1113301,1113302,1113303,1113304,1113305,1113306,1113307,1113308,1113309,1113310,1113311,1113312,1113313,1113314,1113315,1113701,1113702,1113703,1113704,1113705,1113706,1113707,1113708,1113709,1113710,1113711,1113712,1113713,1113714,1113715,1211101,1211102,1211103,1211104,1211105,1211106,1211107,1211108,1211109,1211110,1211111,1211112,1211113,1211114,1211115,1211301,1211302,1211303,1211304,1211305,1211306,1211307,1211308,1211309,1211310,1211311,1211312,1211313,1211314,1211315,1211501,1211502,1211503,1211504,1211505,1211506,1211507,1211508,1211509,1211510,1211511,1211512,1211513,1211514,1211515,1212201,1212202,1212203,1212204,1212205,1212206,1212207,1212208,1212209,1212210,1212211,1212212,1212213,1212214,1212215,1311101,1311102,1311103,1311104,1311105,1311106,1311107,1311108,1311109,1311110,1311111,1311112,1311113,1311114,1311115,1311201,1311202,1311203,1311204,1311205,1311206,1311207,1311208,1311209,1311210,1311211,1311212,1311213,1311214,1311215,1311301,1311302,1311303,1311304,1311305,1311306,1311307,1311308,1311309,1311310,1311311,1311312,1311313,1311314,1311315
{
  // 通常眉
  animation500500.interval,runonce
  animation500500.pattern0,overlay,408,0,0,0
}

surface1121201,1121202,1121203,1121204,1121205,1121206,1121207,1121208,1121209,1121210,1121211,1121212,1121213,1121214,1121215,1121301,1121302,1121303,1121304,1121305,1121306,1121307,1121308,1121309,1121310,1121311,1121312,1121313,1121314,1121315,1123201,1123202,1123203,1123204,1123205,1123206,1123207,1123208,1123209,1123210,1123211,1123212,1123213,1123214,1123215,1123301,1123302,1123303,1123304,1123305,1123306,1123307,1123308,1123309,1123310,1123311,1123312,1123313,1123314,1123315,1221101,1221102,1221103,1221104,1221105,1221106,1221107,1221108,1221109,1221110,1221111,1221112,1221113,1221114,1221115,1221201,1221202,1221203,1221204,1221205,1221206,1221207,1221208,1221209,1221210,1221211,1221212,1221213,1221214,1221215,1221401,1221402,1221403,1221404,1221405,1221406,1221407,1221408,1221409,1221410,1221411,1221412,1221413,1221414,1221415,1221701,1221702,1221703,1221704,1221705,1221706,1221707,1221708,1221709,1221710,1221711,1221712,1221713,1221714,1221715,1222201,1222202,1222203,1222204,1222205,1222206,1222207,1222208,1222209,1222210,1222211,1222212,1222213,1222214,1222215,1222301,1222302,1222303,1222304,1222305,1222306,1222307,1222308,1222309,1222310,1222311,1222312,1222313,1222314,1222315,1222501,1222502,1222503,1222504,1222505,1222506,1222507,1222508,1222509,1222510,1222511,1222512,1222513,1222514,1222515,1222801,1222802,1222803,1222804,1222805,1222806,1222807,1222808,1222809,1222810,1222811,1222812,1222813,1222814,1222815,1321101,1321102,1321103,1321104,1321105,1321106,1321107,1321108,1321109,1321110,1321111,1321112,1321113,1321114,1321115,1321201,1321202,1321203,1321204,1321205,1321206,1321207,1321208,1321209,1321210,1321211,1321212,1321213,1321214,1321215,1321301,1321302,1321303,1321304,1321305,1321306,1321307,1321308,1321309,1321310,1321311,1321312,1321313,1321314,1321315,1321401,1321402,1321403,1321404,1321405,1321406,1321407,1321408,1321409,1321410,1321411,1321412,1321413,1321414,1321415,1321801,1321802,1321803,1321804,1321805,1321806,1321807,1321808,1321809,1321810,1321811,1321812,1321813,1321814,1321815,1322301,1322302,1322303,1322304,1322305,1322306,1322307,1322308,1322309,1322310,1322311,1322312,1322313,1322314,1322315,1322501,1322502,1322503,1322504,1322505,1322506,1322507,1322508,1322509,1322510,1322511,1322512,1322513,1322514,1322515,1322801,1322802,1322803,1322804,1322805,1322806,1322807,1322808,1322809,1322810,1322811,1322812,1322813,1322814,1322815
{
  // 困り眉
  animation500500.interval,runonce
  animation500500.pattern0,overlay,404,0,0,0
}

surface1141101,1141102,1141103,1141104,1141105,1141106,1141107,1141108,1141109,1141110,1141111,1141112,1141113,1141114,1141115,1141601,1141602,1141603,1141604,1141605,1141606,1141607,1141608,1141609,1141610,1141611,1141612,1141613,1141614,1141615,2144401,2144402,2144403,2144404,2144405,2144406,2144407,2144408,2144409,2144410,2144411,2144412,2144413,2144414,2144415
{
  // 驚き眉
  animation500500.interval,runonce
  animation500500.pattern0,overlay,409,0,0,0
}

// 腕

surface1111101,1111102,1111103,1111104,1111105,1111106,1111107,1111108,1111109,1111110,1111111,1111112,1111113,1111114,1111115,1111201,1111202,1111203,1111204,1111205,1111206,1111207,1111208,1111209,1111210,1111211,1111212,1111213,1111214,1111215,1111301,1111302,1111303,1111304,1111305,1111306,1111307,1111308,1111309,1111310,1111311,1111312,1111313,1111314,1111315,1111501,1111502,1111503,1111504,1111505,1111506,1111507,1111508,1111509,1111510,1111511,1111512,1111513,1111514,1111515,1111601,1111602,1111603,1111604,1111605,1111606,1111607,1111608,1111609,1111610,1111611,1111612,1111613,1111614,1111615,1111701,1111702,1111703,1111704,1111705,1111706,1111707,1111708,1111709,1111710,1111711,1111712,1111713,1111714,1111715,1111901,1111902,1111903,1111904,1111905,1111906,1111907,1111908,1111909,1111910,1111911,1111912,1111913,1111914,1111915,1121201,1121202,1121203,1121204,1121205,1121206,1121207,1121208,1121209,1121210,1121211,1121212,1121213,1121214,1121215,1121301,1121302,1121303,1121304,1121305,1121306,1121307,1121308,1121309,1121310,1121311,1121312,1121313,1121314,1121315,1141101,1141102,1141103,1141104,1141105,1141106,1141107,1141108,1141109,1141110,1141111,1141112,1141113,1141114,1141115,1141601,1141602,1141603,1141604,1141605,1141606,1141607,1141608,1141609,1141610,1141611,1141612,1141613,1141614,1141615,1211101,1211102,1211103,1211104,1211105,1211106,1211107,1211108,1211109,1211110,1211111,1211112,1211113,1211114,1211115,1211301,1211302,1211303,1211304,1211305,1211306,1211307,1211308,1211309,1211310,1211311,1211312,1211313,1211314,1211315,1211501,1211502,1211503,1211504,1211505,1211506,1211507,1211508,1211509,1211510,1211511,1211512,1211513,1211514,1211515,1221101,1221102,1221103,1221104,1221105,1221106,1221107,1221108,1221109,1221110,1221111,1221112,1221113,1221114,1221115,1221201,1221202,1221203,1221204,1221205,1221206,1221207,1221208,1221209,1221210,1221211,1221212,1221213,1221214,1221215,1221401,1221402,1221403,1221404,1221405,1221406,1221407,1221408,1221409,1221410,1221411,1221412,1221413,1221414,1221415,1221701,1221702,1221703,1221704,1221705,1221706,1221707,1221708,1221709,1221710,1221711,1221712,1221713,1221714,1221715,1311101,1311102,1311103,1311104,1311105,1311106,1311107,1311108,1311109,1311110,1311111,1311112,1311113,1311114,1311115,1311201,1311202,1311203,1311204,1311205,1311206,1311207,1311208,1311209,1311210,1311211,1311212,1311213,1311214,1311215,1311301,1311302,1311303,1311304,1311305,1311306,1311307,1311308,1311309,1311310,1311311,1311312,1311313,1311314,1311315,1321101,1321102,1321103,1321104,1321105,1321106,1321107,1321108,1321109,1321110,1321111,1321112,1321113,1321114,1321115,1321201,1321202,1321203,1321204,1321205,1321206,1321207,1321208,1321209,1321210,1321211,1321212,1321213,1321214,1321215,1321301,1321302,1321303,1321304,1321305,1321306,1321307,1321308,1321309,1321310,1321311,1321312,1321313,1321314,1321315,1321401,1321402,1321403,1321404,1321405,1321406,1321407,1321408,1321409,1321410,1321411,1321412,1321413,1321414,1321415,1321801,1321802,1321803,1321804,1321805,1321806,1321807,1321808,1321809,1321810,1321811,1321812,1321813,1321814,1321815
{
  // 前手
  animation500201.interval,runonce
  animation500201.pattern0,overlay,1002,0,0,0
  
  animation505000.interval,runonce
  animation505000.pattern0,overlay,503,0,0,0
  
  animation505310.interval,bind
  animation505310.pattern0,overlay,1400,0,0,0
  animation505311.interval,bind
  animation505311.pattern0,overlay,1401,0,0,0
  animation505312.interval,bind
  animation505312.pattern0,overlay,1402,0,0,0
  animation505313.interval,bind
  animation505313.pattern0,overlay,1403,0,0,0
  animation505314.interval,bind
  animation505314.pattern0,overlay,1434,0,0,0
  animation505315.interval,bind
  animation505315.pattern0,overlay,1435,0,0,0
  animation505316.interval,bind
  animation505316.pattern0,overlay,1436,0,0,0
  animation505317.interval,bind
  animation505317.pattern0,overlay,1437,0,0,0
  animation505318.interval,bind
  animation505318.pattern0,overlay,1438,0,0,0
  animation505319.interval,bind
  animation505319.pattern0,overlay,1439,0,0,0
  
  collisionex14,hand,polygon,288,423,330,410,336,414,341,422,328,446,317,436,288,442
  collisionex15,hand,polygon,282,501,262,536,261,550,285,556,299,549,294,521,295,512
}

surface1112101,1112102,1112103,1112104,1112105,1112106,1112107,1112108,1112109,1112110,1112111,1112112,1112113,1112114,1112115,1112201,1112202,1112203,1112204,1112205,1112206,1112207,1112208,1112209,1112210,1112211,1112212,1112213,1112214,1112215,1112301,1112302,1112303,1112304,1112305,1112306,1112307,1112308,1112309,1112310,1112311,1112312,1112313,1112314,1112315,1112401,1112402,1112403,1112404,1112405,1112406,1112407,1112408,1112409,1112410,1112411,1112412,1112413,1112414,1112415,1212201,1212202,1212203,1212204,1212205,1212206,1212207,1212208,1212209,1212210,1212211,1212212,1212213,1212214,1212215,1222201,1222202,1222203,1222204,1222205,1222206,1222207,1222208,1222209,1222210,1222211,1222212,1222213,1222214,1222215,1222301,1222302,1222303,1222304,1222305,1222306,1222307,1222308,1222309,1222310,1222311,1222312,1222313,1222314,1222315,1222501,1222502,1222503,1222504,1222505,1222506,1222507,1222508,1222509,1222510,1222511,1222512,1222513,1222514,1222515,1222801,1222802,1222803,1222804,1222805,1222806,1222807,1222808,1222809,1222810,1222811,1222812,1222813,1222814,1222815,1322301,1322302,1322303,1322304,1322305,1322306,1322307,1322308,1322309,1322310,1322311,1322312,1322313,1322314,1322315,1322501,1322502,1322503,1322504,1322505,1322506,1322507,1322508,1322509,1322510,1322511,1322512,1322513,1322514,1322515,1322801,1322802,1322803,1322804,1322805,1322806,1322807,1322808,1322809,1322810,1322811,1322812,1322813,1322814,1322815
{
  // 胸に手
  animation500201.interval,runonce
  animation500201.pattern0,overlay,1002,0,0,0
  
  animation504000.interval,runonce
  animation504000.pattern0,overlay,501,0,0,0
  
  animation580000.interval,runonce
  animation580000.pattern0,overlay,601,0,0,0
  
  animation505310.interval,bind
  animation505310.pattern0,overlay,1400,0,0,0
  animation505311.interval,bind
  animation505311.pattern0,overlay,1401,0,0,0
  animation505312.interval,bind
  animation505312.pattern0,overlay,1402,0,0,0
  animation505313.interval,bind
  animation505313.pattern0,overlay,1403,0,0,0
  animation505314.interval,bind
  animation505314.pattern0,overlay,1404,0,0,0
  animation505315.interval,bind
  animation505315.pattern0,overlay,1405,0,0,0
  animation505316.interval,bind
  animation505316.pattern0,overlay,1406,0,0,0
  animation505317.interval,bind
  animation505317.pattern0,overlay,1407,0,0,0
  
  animation505318.interval,bind
  animation505318.pattern0,overlay,2408,0,0,0
  animation585318.interval,bind
  animation585318.pattern0,overlay,2508,0,0,0
  
  animation505319.interval,bind
  animation505319.pattern0,overlay,2409,0,0,0
  animation585319.interval,bind
  animation585319.pattern0,overlay,2509,0,0,0
}

surface1113101,1113102,1113103,1113104,1113105,1113106,1113107,1113108,1113109,1113110,1113111,1113112,1113113,1113114,1113115,1113201,1113202,1113203,1113204,1113205,1113206,1113207,1113208,1113209,1113210,1113211,1113212,1113213,1113214,1113215,1113301,1113302,1113303,1113304,1113305,1113306,1113307,1113308,1113309,1113310,1113311,1113312,1113313,1113314,1113315,1113701,1113702,1113703,1113704,1113705,1113706,1113707,1113708,1113709,1113710,1113711,1113712,1113713,1113714,1113715,1123201,1123202,1123203,1123204,1123205,1123206,1123207,1123208,1123209,1123210,1123211,1123212,1123213,1123214,1123215,1123301,1123302,1123303,1123304,1123305,1123306,1123307,1123308,1123309,1123310,1123311,1123312,1123313,1123314,1123315
{
  // 考える手
  animation500201.interval,runonce
  animation500201.pattern0,overlay,1002,0,0,0
  
  animation504000.interval,runonce
  animation504000.pattern0,overlay,502,0,0,0
  
  animation580000.interval,runonce
  animation580000.pattern0,overlay,602,0,0,0
  
  animation505310.interval,bind
  animation505310.pattern0,overlay,1400,0,0,0
  animation505311.interval,bind
  animation505311.pattern0,overlay,1401,0,0,0
  animation505312.interval,bind
  animation505312.pattern0,overlay,1402,0,0,0
  animation505313.interval,bind
  animation505313.pattern0,overlay,1403,0,0,0
  animation505314.interval,bind
  animation505314.pattern0,overlay,1404,0,0,0
  animation505315.interval,bind
  animation505315.pattern0,overlay,1405,0,0,0
  animation505316.interval,bind
  animation505316.pattern0,overlay,1406,0,0,0
  animation505317.interval,bind
  animation505317.pattern0,overlay,1407,0,0,0
  
  animation505318.interval,bind
  animation505318.pattern0,overlay,3408,0,0,0
  animation585318.interval,bind
  animation585318.pattern0,overlay,3508,0,0,0
  
  animation505319.interval,bind
  animation505319.pattern0,overlay,3409,0,0,0
  animation585319.interval,bind
  animation585319.pattern0,overlay,3509,0,0,0
  
  collisionex14,hand,polygon,271,281,258,294,253,325,256,335,269,331,284,316,284,308
  collisionex15,hand,polygon,247,417,238,400,214,404,213,412,215,423,223,433,244,433
}

surface2144401,2144402,2144403,2144404,2144405,2144406,2144407,2144408,2144409,2144410,2144411,2144412,2144413,2144414,2144415
{
  // 後ろ手
  animation500149.interval,runonce
  animation500149.pattern0,overlay,1002,0,0,0
  
  animation500150.interval,runonce
  animation500150.pattern0,overlay,503,0,0,0
  
  animation500160.interval,bind
  animation500160.pattern0,overlay,1400,0,0,0
  animation500161.interval,bind
  animation500161.pattern0,overlay,1401,0,0,0
  animation500162.interval,bind
  animation500162.pattern0,overlay,1402,0,0,0
  animation500163.interval,bind
  animation500163.pattern0,overlay,1403,0,0,0
  animation500164.interval,bind
  animation500164.pattern0,overlay,1434,0,0,0
  animation500165.interval,bind
  animation500165.pattern0,overlay,1435,0,0,0
  animation500166.interval,bind
  animation500166.pattern0,overlay,1436,0,0,0
  animation500167.interval,bind
  animation500167.pattern0,overlay,1437,0,0,0
  animation500168.interval,bind
  animation500168.pattern1,overlay,1438,0,0,0
  animation500169.interval,bind
  animation500169.pattern0,overlay,1439,0,0,0
}

// 口

surface1111101,1111102,1111103,1111104,1111105,1111106,1111107,1111108,1111109,1111110,1111111,1111112,1111113,1111114,1111115,1112101,1112102,1112103,1112104,1112105,1112106,1112107,1112108,1112109,1112110,1112111,1112112,1112113,1112114,1112115,1113101,1113102,1113103,1113104,1113105,1113106,1113107,1113108,1113109,1113110,1113111,1113112,1113113,1113114,1113115,1141101,1141102,1141103,1141104,1141105,1141106,1141107,1141108,1141109,1141110,1141111,1141112,1141113,1141114,1141115,1211101,1211102,1211103,1211104,1211105,1211106,1211107,1211108,1211109,1211110,1211111,1211112,1211113,1211114,1211115,1221101,1221102,1221103,1221104,1221105,1221106,1221107,1221108,1221109,1221110,1221111,1221112,1221113,1221114,1221115,1311101,1311102,1311103,1311104,1311105,1311106,1311107,1311108,1311109,1311110,1311111,1311112,1311113,1311114,1311115,1321101,1321102,1321103,1321104,1321105,1321106,1321107,1321108,1321109,1321110,1321111,1321112,1321113,1321114,1321115
{
  // 通常口
  animation500399.interval,runonce
  animation500399.pattern0,overlay,350,0,0,0
  
  animation500401.interval,talk
  animation500401.pattern0,stop,500399
  animation500401.pattern1,overlay,304,0,0,0
  animation500401.pattern2,overlay,350,100,0,0
  animation500401.pattern3,overlay,304,100,0,0
  animation500401.pattern4,overlay,351,100,0,0
  animation500401.pattern5,overlay,350,100,0,0
  animation500401.pattern6,overlay,362,80,0,0
  animation500401.pattern7,overlay,304,80,0,0
  animation500401.pattern8,overlay,-1,80,0,0
  animation500401.pattern9,start,500399
}

surface1111201,1111202,1111203,1111204,1111205,1111206,1111207,1111208,1111209,1111210,1111211,1111212,1111213,1111214,1111215,1112201,1112202,1112203,1112204,1112205,1112206,1112207,1112208,1112209,1112210,1112211,1112212,1112213,1112214,1112215,1113201,1113202,1113203,1113204,1113205,1113206,1113207,1113208,1113209,1113210,1113211,1113212,1113213,1113214,1113215,1121201,1121202,1121203,1121204,1121205,1121206,1121207,1121208,1121209,1121210,1121211,1121212,1121213,1121214,1121215,1123201,1123202,1123203,1123204,1123205,1123206,1123207,1123208,1123209,1123210,1123211,1123212,1123213,1123214,1123215,1212201,1212202,1212203,1212204,1212205,1212206,1212207,1212208,1212209,1212210,1212211,1212212,1212213,1212214,1212215,1221201,1221202,1221203,1221204,1221205,1221206,1221207,1221208,1221209,1221210,1221211,1221212,1221213,1221214,1221215,1222201,1222202,1222203,1222204,1222205,1222206,1222207,1222208,1222209,1222210,1222211,1222212,1222213,1222214,1222215,1311201,1311202,1311203,1311204,1311205,1311206,1311207,1311208,1311209,1311210,1311211,1311212,1311213,1311214,1311215,1321201,1321202,1321203,1321204,1321205,1321206,1321207,1321208,1321209,1321210,1321211,1321212,1321213,1321214,1321215
{
  // 笑い口
  animation500399.interval,runonce
  animation500399.pattern0,overlay,322,0,0,0
  
  animation500401.interval,talk
  animation500401.pattern0,stop,500399
  animation500401.pattern1,overlay,303,0,0,0
  animation500401.pattern2,overlay,322,100,0,0
  animation500401.pattern3,overlay,303,100,0,0
  animation500401.pattern4,overlay,361,100,0,0
  animation500401.pattern5,overlay,322,100,0,0
  animation500401.pattern6,overlay,362,80,0,0
  animation500401.pattern7,overlay,303,80,0,0
  animation500401.pattern8,overlay,-1,80,0,0
  animation500401.pattern9,start,500399
}

surface1111301,1111302,1111303,1111304,1111305,1111306,1111307,1111308,1111309,1111310,1111311,1111312,1111313,1111314,1111315,1112301,1112302,1112303,1112304,1112305,1112306,1112307,1112308,1112309,1112310,1112311,1112312,1112313,1112314,1112315,1113301,1113302,1113303,1113304,1113305,1113306,1113307,1113308,1113309,1113310,1113311,1113312,1113313,1113314,1113315,1121301,1121302,1121303,1121304,1121305,1121306,1121307,1121308,1121309,1121310,1121311,1121312,1121313,1121314,1121315,1123301,1123302,1123303,1123304,1123305,1123306,1123307,1123308,1123309,1123310,1123311,1123312,1123313,1123314,1123315,1211301,1211302,1211303,1211304,1211305,1211306,1211307,1211308,1211309,1211310,1211311,1211312,1211313,1211314,1211315,1222301,1222302,1222303,1222304,1222305,1222306,1222307,1222308,1222309,1222310,1222311,1222312,1222313,1222314,1222315,1311301,1311302,1311303,1311304,1311305,1311306,1311307,1311308,1311309,1311310,1311311,1311312,1311313,1311314,1311315,1321301,1321302,1321303,1321304,1321305,1321306,1321307,1321308,1321309,1321310,1321311,1321312,1321313,1321314,1321315,1322301,1322302,1322303,1322304,1322305,1322306,1322307,1322308,1322309,1322310,1322311,1322312,1322313,1322314,1322315
{
  // 微笑口
  animation500399.interval,runonce
  animation500399.pattern0,overlay,323,0,0,0
  
  animation500401.interval,talk
  animation500401.pattern0,stop,500399
  animation500401.pattern1,overlay,303,0,0,0
  animation500401.pattern2,overlay,323,50,0,0
  animation500401.pattern3,overlay,303,100,0,0
  animation500401.pattern4,overlay,361,100,0,0
  animation500401.pattern5,overlay,323,50,0,0
  animation500401.pattern6,overlay,362,80,0,0
  animation500401.pattern7,overlay,303,80,0,0
  animation500401.pattern8,overlay,-1,80,0,0
  animation500401.pattern9,start,500399
}

surface1112401,1112402,1112403,1112404,1112405,1112406,1112407,1112408,1112409,1112410,1112411,1112412,1112413,1112414,1112415,1221401,1221402,1221403,1221404,1221405,1221406,1221407,1221408,1221409,1221410,1221411,1221412,1221413,1221414,1221415,1321401,1321402,1321403,1321404,1321405,1321406,1321407,1321408,1321409,1321410,1321411,1321412,1321413,1321414,1321415,2144401,2144402,2144403,2144404,2144405,2144406,2144407,2144408,2144409,2144410,2144411,2144412,2144413,2144414,2144415
{
  // ぽかん口
  animation500399.interval,runonce
  animation500399.pattern0,overlay,363,0,0,0
}

surface1111501,1111502,1111503,1111504,1111505,1111506,1111507,1111508,1111509,1111510,1111511,1111512,1111513,1111514,1111515,1211501,1211502,1211503,1211504,1211505,1211506,1211507,1211508,1211509,1211510,1211511,1211512,1211513,1211514,1211515,1222501,1222502,1222503,1222504,1222505,1222506,1222507,1222508,1222509,1222510,1222511,1222512,1222513,1222514,1222515,1322501,1322502,1322503,1322504,1322505,1322506,1322507,1322508,1322509,1322510,1322511,1322512,1322513,1322514,1322515
{
  // いひひ口
  animation500399.interval,runonce
  animation500399.pattern0,overlay,364,0,0,0
}

surface1111601,1111602,1111603,1111604,1111605,1111606,1111607,1111608,1111609,1111610,1111611,1111612,1111613,1111614,1111615,1141601,1141602,1141603,1141604,1141605,1141606,1141607,1141608,1141609,1141610,1141611,1141612,1141613,1141614,1141615
{
  // あ口
  animation500399.interval,runonce
  animation500399.pattern0,overlay,365,0,0,0
}

surface1111701,1111702,1111703,1111704,1111705,1111706,1111707,1111708,1111709,1111710,1111711,1111712,1111713,1111714,1111715,1113701,1113702,1113703,1113704,1113705,1113706,1113707,1113708,1113709,1113710,1113711,1113712,1113713,1113714,1113715,1221701,1221702,1221703,1221704,1221705,1221706,1221707,1221708,1221709,1221710,1221711,1221712,1221713,1221714,1221715
{
  // キス口
  animation500399.interval,runonce
  animation500399.pattern0,overlay,366,0,0,0
}

surface1222801,1222802,1222803,1222804,1222805,1222806,1222807,1222808,1222809,1222810,1222811,1222812,1222813,1222814,1222815,1321801,1321802,1321803,1321804,1321805,1321806,1321807,1321808,1321809,1321810,1321811,1321812,1321813,1321814,1321815,1322801,1322802,1322803,1322804,1322805,1322806,1322807,1322808,1322809,1322810,1322811,1322812,1322813,1322814,1322815
{
  // にひ口
  animation500399.interval,runonce
  animation500399.pattern0,overlay,367,0,0,0
}

surface1111901,1111902,1111903,1111904,1111905,1111906,1111907,1111908,1111909,1111910,1111911,1111912,1111913,1111914,1111915
{
  // わはは口
  animation500399.interval,runonce
  animation500399.pattern0,overlay,303,0,0,0
}

// 目

surface1111101,1111201,1111301,1111501,1111601,1111701,1111901,1112101,1112201,1112301,1112401,1113101,1113201,1113301,1113701,1121201,1121301,1123201,1123301,1141101,1141601,1211101,1211301,1211501,1212201,1221101,1221201,1221401,1221701,1222201,1222301,1222501,1222801,1311101,1311201,1311301,1321101,1321201,1321301,1321401,1321801,1322301,1322501,1322801,2144401
{
  // こっち目
  animation500300.interval,runonce
  animation500300.pattern0,overlay,201,0,0,0
  
  animation800004.interval,bind
  animation800004.pattern0,overlayfast,5,0,0
}

surface1111102,1111202,1111302,1111502,1111602,1111702,1111902,1112102,1112202,1112302,1112402,1113102,1113202,1113302,1113702,1121202,1121302,1123202,1123302,1141102,1141602,1211102,1211302,1211502,1212202,1221102,1221202,1221402,1221702,1222202,1222302,1222502,1222802,1311102,1311202,1311302,1321102,1321202,1321302,1321402,1321802,1322302,1322502,1322802,2144402
{
  // 上の空
  animation500300.interval,runonce
  animation500300.pattern0,overlay,202,0,0,0
  
  animation800004.interval,bind
  animation800004.pattern0,overlayfast,5,0,0
}

surface1111103,1111203,1111303,1111503,1111603,1111703,1111903,1112103,1112203,1112303,1112403,1113103,1113203,1113303,1113703,1121203,1121303,1123203,1123303,1141103,1141603,1211103,1211303,1211503,1212203,1221103,1221203,1221403,1221703,1222203,1222303,1222503,1222803,1311103,1311203,1311303,1321103,1321203,1321303,1321403,1321803,1322303,1322503,1322803,2144403
{
  // あっち目
  animation500300.interval,runonce
  animation500300.pattern0,overlay,203,0,0,0
  
  animation800004.interval,bind
  animation800004.pattern0,overlayfast,5,0,0
}

surface1111104,1111204,1111304,1111504,1111604,1111704,1111904,1112104,1112204,1112304,1112404,1113104,1113204,1113304,1113704,1121204,1121304,1123204,1123304,1141104,1141604,1211104,1211304,1211504,1212204,1221104,1221204,1221404,1221704,1222204,1222304,1222504,1222804,1311104,1311204,1311304,1321104,1321204,1321304,1321404,1321804,1322304,1322504,1322804,2144404
{
  // こっち半目
  animation500300.interval,runonce
  animation500300.pattern0,overlay,204,0,0,0
  
  animation800004.interval,bind
  animation800004.pattern0,overlayfast,4,0,0
}

surface1111105,1111205,1111305,1111505,1111605,1111705,1111905,1112105,1112205,1112305,1112405,1113105,1113205,1113305,1113705,1121205,1121305,1123205,1123305,1141105,1141605,1211105,1211305,1211505,1212205,1221105,1221205,1221405,1221705,1222205,1222305,1222505,1222805,1311105,1311205,1311305,1321105,1321205,1321305,1321405,1321805,1322305,1322505,1322805,2144405
{
  // 上の空半目
  animation500300.interval,runonce
  animation500300.pattern0,overlay,205,0,0,0
  
  animation800004.interval,bind
  animation800004.pattern0,overlayfast,4,0,0
}

surface1111106,1111206,1111306,1111506,1111606,1111706,1111906,1112106,1112206,1112306,1112406,1113106,1113206,1113306,1113706,1121206,1121306,1123206,1123306,1141106,1141606,1211106,1211306,1211506,1212206,1221106,1221206,1221406,1221706,1222206,1222306,1222506,1222806,1311106,1311206,1311306,1321106,1321206,1321306,1321406,1321806,1322306,1322506,1322806,2144406
{
  // あっち半目
  animation500300.interval,runonce
  animation500300.pattern0,overlay,206,0,0,0
  
  animation800004.interval,bind
  animation800004.pattern0,overlayfast,4,0,0
}

surface1111107,1111207,1111307,1111507,1111607,1111707,1111907,1112107,1112207,1112307,1112407,1113107,1113207,1113307,1113707,1121207,1121307,1123207,1123307,1141107,1141607,1211107,1211307,1211507,1212207,1221107,1221207,1221407,1221707,1222207,1222307,1222507,1222807,1311107,1311207,1311307,1321107,1321207,1321307,1321407,1321807,1322307,1322507,1322807,2144407
{
  // こっち半半目
  animation500300.interval,runonce
  animation500300.pattern0,overlay,213,0,0,0
  
  animation800004.interval,bind
  animation800004.pattern0,overlayfast,3,0,0
}

surface1111108,1111208,1111308,1111508,1111608,1111708,1111908,1112108,1112208,1112308,1112408,1113108,1113208,1113308,1113708,1121208,1121308,1123208,1123308,1141108,1141608,1211108,1211308,1211508,1212208,1221108,1221208,1221408,1221708,1222208,1222308,1222508,1222808,1311108,1311208,1311308,1321108,1321208,1321308,1321408,1321808,1322308,1322508,1322808,2144408
{
  // 上の空半半目
  animation500300.interval,runonce
  animation500300.pattern0,overlay,214,0,0,0
  
  animation800004.interval,bind
  animation800004.pattern0,overlayfast,3,0,0
}

surface1111109,1111209,1111309,1111509,1111609,1111709,1111909,1112109,1112209,1112309,1112409,1113109,1113209,1113309,1113709,1121209,1121309,1123209,1123309,1141109,1141609,1211109,1211309,1211509,1212209,1221109,1221209,1221409,1221709,1222209,1222309,1222509,1222809,1311109,1311209,1311309,1321109,1321209,1321309,1321409,1321809,1322309,1322509,1322809,2144409
{
  // あっち半半目
  animation500300.interval,runonce
  animation500300.pattern0,overlay,215,0,0,0
  
  animation800004.interval,bind
  animation800004.pattern0,overlayfast,3,0,0
}

surface1111110,1111210,1111310,1111510,1111610,1111710,1111910,1112110,1112210,1112310,1112410,1113110,1113210,1113310,1113710,1121210,1121310,1123210,1123310,1141110,1141610,1211110,1211310,1211510,1212210,1221110,1221210,1221410,1221710,1222210,1222310,1222510,1222810,1311110,1311210,1311310,1321110,1321210,1321310,1321410,1321810,1322310,1322510,1322810,2144410
{
  // 閉じ目
  animation500300.interval,runonce
  animation500300.pattern0,overlay,209,0,0,0
  
  animation800004.interval,bind
  animation800004.pattern0,overlayfast,3,0,0
}

surface1111111,1111211,1111311,1111511,1111611,1111711,1111911,1112111,1112211,1112311,1112411,1113111,1113211,1113311,1113711,1121211,1121311,1123211,1123311,1141111,1141611,1211111,1211311,1211511,1212211,1221111,1221211,1221411,1221711,1222211,1222311,1222511,1222811,1311111,1311211,1311311,1321111,1321211,1321311,1321411,1321811,1322311,1322511,1322811,2144411
{
  // にこ目
  animation500300.interval,runonce
  animation500300.pattern0,overlay,207,0,0,0
  
  animation800004.interval,bind
  animation800004.pattern0,overlayfast,3,0,0
}

surface1111112,1111212,1111312,1111512,1111612,1111712,1111912,1112112,1112212,1112312,1112412,1113112,1113212,1113312,1113712,1121212,1121312,1123212,1123312,1141112,1141612,1211112,1211312,1211512,1212212,1221112,1221212,1221412,1221712,1222212,1222312,1222512,1222812,1311112,1311212,1311312,1321112,1321212,1321312,1321412,1321812,1322312,1322512,1322812,2144412
{
  // 驚き目
  animation500300.interval,runonce
  animation500300.pattern0,overlay,208,0,0,0
  
  animation800004.interval,bind
  animation800004.pattern0,overlayfast,5,0,0
}

surface1111113,1111213,1111313,1111513,1111613,1111713,1111913,1112113,1112213,1112313,1112413,1113113,1113213,1113313,1113713,1121213,1121313,1123213,1123313,1141113,1141613,1211113,1211313,1211513,1212213,1221113,1221213,1221413,1221713,1222213,1222313,1222513,1222813,1311113,1311213,1311313,1321113,1321213,1321313,1321413,1321813,1322313,1322513,1322813,2144413
{
  // 皮肉目
  animation500300.interval,runonce
  animation500300.pattern0,overlay,210,0,0,0
  
  animation800004.interval,bind
  animation800004.pattern0,overlayfast,3,0,0
}

surface1111114,1111214,1111314,1111514,1111614,1111714,1111914,1112114,1112214,1112314,1112414,1113114,1113214,1113314,1113714,1121214,1121314,1123214,1123314,1141114,1141614,1211114,1211314,1211514,1212214,1221114,1221214,1221414,1221714,1222214,1222314,1222514,1222814,1311114,1311214,1311314,1321114,1321214,1321314,1321414,1321814,1322314,1322514,1322814,2144414
{
  // びっくり目
  animation500300.interval,runonce
  animation500300.pattern0,overlay,211,0,0,0
  
  animation800004.interval,bind
  animation800004.pattern0,overlayfast,3,0,0
}

surface1111115,1111215,1111315,1111515,1111615,1111715,1111915,1112115,1112215,1112315,1112415,1113115,1113215,1113315,1113715,1121215,1121315,1123215,1123315,1141115,1141615,1211115,1211315,1211515,1212215,1221115,1221215,1221415,1221715,1222215,1222315,1222515,1222815,1311115,1311215,1311315,1321115,1321215,1321315,1321415,1321815,1322315,1322515,1322815,2144415
{
  // あっち皮肉目
  animation500300.interval,runonce
  animation500300.pattern0,overlay,212,0,0,0
  
  animation800004.interval,bind
  animation800004.pattern0,overlayfast,3,0,0
}



surface.append1111101-2544915
{
  collisionex12,bust,polygon,228,327,271,304,316,325,318,347,311,378,231,375,225,349
  collisionex10,shoulder,polygon,205,319,206,309,214,301,229,299,251,293,248,312
  collisionex11,shoulder,polygon,292,293,309,299,332,302,339,315,301,315
  collisionex7,mouth,ellipse,260,259,283,268
  collisionex8,head,polygon,292,134,319,151,340,176,339,192,292,190,240,192,201,187,213,158,230,140,259,127
  collisionex6,face,polygon,270,285,239,267,227,246,220,214,222,189,227,173,315,170,320,189,321,210,315,245,305,268
  //collision1,152,114,384,326,hair
  
  //後髪
  animation500100.interval,bind
  animation500100.pattern0,overlay,1100,0,0,0
  animation500101.interval,bind
  animation500101.pattern0,overlay,1101,0,0,0
  animation500103.interval,bind
  animation500103.pattern0,overlay,1103,0,0,0  
  animation500106.interval,bind
  animation500106.pattern0,overlay,1106,0,0,0
  animation500107.interval,bind
  animation500107.pattern0,overlay,1107,0,0,0
  animation500108.interval,bind
  animation500108.pattern0,overlay,1108,0,0,0
  animation500109.interval,bind
  animation500109.pattern0,overlay,1109,0,0,0
  animation500110.interval,bind
  animation500110.pattern0,overlay,1110,0,0,0
  
  //素体
  animation500200.interval,runonce
  animation500200.pattern0,overlay,1000,0,0,0
  
  //後ろ手151
  
  //頭
  animation500202.interval,runonce
  animation500202.pattern0,overlay,1001,0,0,0
  
  // 下着
  animation500250.interval,bind
  animation500250.pattern0,overlay,1050,0,0,0
  animation500251.interval,bind
  animation500251.pattern0,overlay,1051,0,0,0
  
  //目300
  
  //髪の影
  animation500351.interval,bind
  animation500351.pattern0,overlay,751,0,0,0
  animation500352.interval,bind
  animation500352.pattern0,overlay,752,0,0,0
  animation500353.interval,bind
  animation500353.pattern0,overlay,753,0,0,0
  animation500354.interval,bind
  animation500354.pattern0,overlay,754,0,0,0
  animation500355.interval,bind
  animation500355.pattern0,overlay,755,0,0,0
  animation500356.interval,bind
  animation500356.pattern0,overlay,756,0,0,0
  
  //口400,401
  
  //眉500
  
  //照れ顔600
  
  //靴下
  animation501380.interval,bind
  animation501380.pattern0,overlay,1500,0,0,0
  animation501381.interval,bind
  animation501381.pattern0,overlay,1501,0,0,0
  animation501382.interval,bind
  animation501382.pattern0,overlay,1502,0,0,0
  animation501383.interval,bind
  animation501383.pattern0,overlay,1503,0,0,0
  animation501384.interval,bind
  animation501384.pattern0,overlay,1504,0,0,0
  animation501385.interval,bind
  animation501385.pattern0,overlay,1505,0,0,0
  animation501386.interval,bind
  animation501386.pattern0,overlay,1506,0,0,0
  animation501387.interval,bind
  animation501387.pattern0,overlay,1507,0,0,0
  animation501388.interval,bind
  animation501388.pattern0,overlay,1508,0,0,0
  animation501389.interval,bind
  animation501389.pattern0,overlay,1509,0,0,0
  
  //靴下＋
  animation501400.interval,bind
  animation501400.pattern0,overlay,1550,0,0,0
  animation501401.interval,bind
  animation501401.pattern0,overlay,1551,0,0,0
  animation501402.interval,bind
  animation501402.pattern0,overlay,1552,0,0,0
  animation501403.interval,bind
  animation501403.pattern0,overlay,1553,0,0,0
  animation501404.interval,bind
  animation501404.pattern0,overlay,1554,0,0,0
  
  //トップス
  animation502360.interval,bind
  animation502360.pattern0,overlay,1200,0,0,0
  
  animation502361.interval,bind
  animation502361.pattern0,overlay,1201,0,0,0
  
  animation502362.interval,bind
  animation502362.pattern0,overlay,1202,0,0,0
  animation502362.pattern1,overlay,1306,0,0,0
  
  animation502363.interval,bind
  animation502363.pattern0,overlay,1203,0,0,0
  animation502363.pattern1,overlay,1307,0,0,0
  
  animation502364.interval,bind
  animation502364.pattern0,overlay,1204,0,0,0
  
  animation502366.interval,bind
  animation502366.pattern0,overlay,1206,0,0,0
  
  animation502367.interval,bind
  animation502367.pattern0,overlay,1207,0,0,0
  
  animation502368.interval,bind
  animation502368.pattern0,overlay,1208,0,0,0
  
  //トップス+
  animation506300.interval,bind
  animation506300.pattern0,overlay,1800,0,0,0
  animation506301.interval,bind
  animation506301.pattern0,overlay,1801,0,0,0
  animation506303.interval,bind
  animation506303.pattern0,overlay,1803,0,0,0
  animation506304.interval,bind
  animation506304.pattern0,overlay,1804,0,0,0
  animation506305.interval,bind
  animation506305.pattern0,overlay,1805,0,0,0
  animation506306.interval,bind
  animation506306.pattern0,overlay,1806,0,0,0
  animation506307.interval,bind
  animation506307.pattern0,overlay,1807,0,0,0
  animation506308.interval,bind
  animation506308.pattern0,overlay,1808,0,0,0
  animation506309.interval,bind
  animation506309.pattern0,overlay,1809,0,0,0
  animation506312.interval,bind
  animation506312.pattern0,overlay,1812,0,0,0
  animation506313.interval,bind
  animation506313.pattern0,overlay,1813,0,0,0
  animation506314.interval,bind
  animation506314.pattern0,overlay,1814,0,0,0
  animation506316.interval,bind
  animation506316.pattern0,overlay,1817,0,0,0
  animation506298.interval,bind
  animation506298.pattern0,overlay,1815,0,0,0
  
  //コルセットのみ腕より下に
  animation504510.interval,bind
  animation504510.pattern0,overlay,1810,0,0,0
  animation504511.interval,bind
  animation504511.pattern0,overlay,1811,0,0,0
  animation504512.interval,bind
  animation504512.pattern0,overlay,1818,0,0,0
  
  animation504417.interval,bind
  animation504417.pattern0,overlay,1900,0,0,0
  animation504418.interval,bind
  animation504418.pattern0,overlay,1901,0,0,0
  
  //手back4000
  
  //帽子
  animation507000.interval,bind
  animation507000.pattern0,overlay,1700,0,0,0
  animation500050.interval,bind
  animation500050.pattern0,overlay,1707,0,0,0
  animation507001.interval,bind
  animation507001.pattern0,overlay,1701,0,0,0
  animation507002.interval,bind
  animation507002.pattern0,overlay,1702,0,0,0
  animation507003.interval,bind
  animation507003.pattern0,overlay,1703,0,0,0
  animation507004.interval,bind
  animation507004.pattern0,overlay,1704,0,0,0
  animation507005.interval,bind
  animation507005.pattern0,overlay,1705,0,0,0
  animation507006.interval,bind
  animation507006.pattern0,overlay,1706,0,0,0
  animation507007.interval,bind
  animation507007.pattern0,overlay,1708,0,0,0
  animation506508.interval,bind
  animation506508.pattern0,overlay,1709,0,0,0
  animation506509.interval,bind
  animation506509.pattern0,overlay,1710,0,0,0
  animation506510.interval,bind
  animation506510.pattern0,overlay,1711,0,0,0
  animation506511.interval,bind
  animation506511.pattern0,overlay,1712,0,0,0
  
  //袖 507000
  
  //髪+
  animation506150.interval,bind
  animation506150.pattern0,overlay,1150,0,0,0
  animation506790.interval,bind
  animation506790.pattern0,overlay,1151,0,0,0
  animation506791.interval,bind
  animation506791.pattern0,overlay,1152,0,0,0
  animation506792.interval,bind
  animation506792.pattern0,overlay,1153,0,0,0
  
  //前髪
  animation506701.interval,bind
  animation506701.pattern0,overlay,701,0,0,0
  animation506702.interval,bind
  animation506702.pattern0,overlay,702,0,0,0
  animation506703.interval,bind
  animation506703.pattern0,overlay,703,0,0,0
  animation506704.interval,bind
  animation506704.pattern0,overlay,704,0,0,0
  animation506705.interval,bind
  animation506705.pattern0,overlay,705,0,0,0
  animation506706.interval,bind
  animation506706.pattern0,overlay,706,0,0,0
  
  // メッシュ
  animation506698.interval,bind
  animation506698.pattern0,overlay,798,0,0,0
  animation506798.interval,bind
  animation506798.pattern0,overlay,798,0,0,0
  animation506699.interval,bind
  animation506699.pattern0,overlay,799,0,0,0
  animation506799.interval,bind
  animation506799.pattern0,overlay,799,0,0,0
  
  //靴
  animation503351.interval,bind
  animation503351.pattern0,overlay,1600,0,0,0
  animation503352.interval,bind
  animation503352.pattern0,overlay,1601,0,0,0
  animation503353.interval,bind
  animation503353.pattern0,overlay,1602,0,0,0
  animation503354.interval,bind
  animation503354.pattern0,overlay,1603,0,0,0
  animation503356.interval,bind
  animation503356.pattern0,overlay,1604,0,0,0
  animation503357.interval,bind
  animation503357.pattern0,overlay,1605,0,0,0
  animation503358.interval,bind
  animation503358.pattern0,overlay,1606,0,0,0
  animation503359.interval,bind
  animation503359.pattern0,overlay,1607,0,0,0
  animation503360.interval,bind
  animation503360.pattern0,overlay,1608,0,0,0
  animation503361.interval,bind
  animation503361.pattern0,overlay,1609,0,0,0
  //手animation5099999
  
  animation650000.interval,bind
  animation650000.pattern0,reduce,90000,0,0,0
  
  animation700000.interval,bind+always
  animation700000.pattern0,reduce,50000,0,0,0
  animation700000.pattern1,reduce,50001,1500,0,0
  animation700000.pattern2,reduce,50002,1500,0,0
  animation700000.pattern3,reduce,50000,1500,0,0
  
  animation750000.interval,bind+always
  animation750000.pattern0,overlay,55000,0,0,0
  animation750000.pattern1,overlay,55001,1500,0,0
  animation750000.pattern2,overlay,55002,1500,0,0
  animation750000.pattern3,overlay,55000,1500,0,0
  
  animation800001.interval,bind
  animation800001.pattern0,overlayfast,1,0,0
  animation800002.interval,bind
  animation800002.pattern0,overlayfast,60000,0,0
  animation800003.interval,bind
  animation800003.pattern0,overlayfast,60002,0,0
  animation800100.interval,bind
  animation800100.pattern0,overlayfast,60002,0,0
  animation801000.interval,bind
  animation801000.pattern0,overlayfast,2,0,0
  animation500601.interval,bind
  animation500601.pattern0,overlay,110,0,0,0
}